$ 1 0.000005 24.46919322642204 57 5 50
v -208 160 -208 64 0 1 100 5 0 0 0.5
g -208 160 -208 224 0
r -208 64 -112 64 0 10000
w 464 64 464 144 0
w -112 64 -112 96 0
w -112 96 -112 128 0
a 368 144 464 144 8 15 -15 1000000 0.000021065696140325878 0 100000
O 464 384 528 384 0
w 368 128 -112 128 0
w -208 160 368 160 0
r -16 64 80 64 0 5000
s -16 0 80 0 0 0 false
w -16 64 -16 0 0
w 80 64 80 0 0
r -112 64 -16 64 0 5000
w 176 64 176 0 0
s 80 0 176 0 0 0 false
r 80 64 176 64 0 5000
r 176 64 272 64 0 5000
s 176 0 272 0 0 0 false
w 272 64 272 0 0
w 368 64 368 0 0
s 272 0 368 0 0 0 false
r 272 64 368 64 0 5000
r 368 64 464 64 0 5000
s 368 0 464 0 0 0 false
w 464 64 464 0 0
a 368 384 464 384 8 15 -15 1000000 -0.000021065274834829183 0 100000
g 368 400 368 448 0
r 368 304 464 304 0 5000
w 464 384 464 304 0
r 272 304 368 304 0 5000
w 368 368 368 304 0
w 272 224 272 304 0
w 464 144 464 224 0
w 464 224 272 224 0
207 464 144 528 144 0 inverted-output
o 0 64 0 4354 5 0.025 0 2 0 3
o 7 64 0 4354 10 0.1 1 1
